-4.598054 -5.144564 -4.794689
-3.809312 -4.345622 -4.128121
-3.603680 -4.049211 -3.811576
-3.390877 -3.750416 -3.460588
-3.125626 -3.563014 -3.306674
-2.898780 -3.384314 -3.161527
-2.804459 -3.296526 -3.106002
-2.711889 -3.220689 -3.020007
-2.621878 -3.116990 -2.927790
-2.556001 -3.004081 -2.822840
-2.495471 -2.887780 -2.729319
-2.447854 -2.793320 -2.630940
-2.399134 -2.706302 -2.534249
-2.357080 -2.623588 -2.433022
-2.307782 -2.547859 -2.346505
-2.265962 -2.472922 -2.268125
-2.218040 -2.417473 -2.209029
-2.179036 -2.379536 -2.171760
-2.126380 -2.342736 -2.141960
-2.064132 -2.303144 -2.102248
-1.995189 -2.259158 -2.072592
-1.938675 -2.212161 -2.036621
-1.893612 -2.177630 -2.003432
-1.860500 -2.141898 -1.968653
-1.823397 -2.108838 -1.936957
-1.782867 -2.069893 -1.901237
-1.743369 -2.027092 -1.858372
-1.705384 -1.986166 -1.821447
-1.675068 -1.952509 -1.782463
-1.643004 -1.914288 -1.744430
-1.606929 -1.869902 -1.712105
-1.571348 -1.836450 -1.686109
-1.540197 -1.802682 -1.650343
-1.515043 -1.770676 -1.624642
-1.489483 -1.734552 -1.599941
-1.468482 -1.709756 -1.570232
-1.442283 -1.673871 -1.543669
-1.426982 -1.641623 -1.510598
-1.408974 -1.618958 -1.482027
-1.383757 -1.596924 -1.453542
-1.368696 -1.574953 -1.430989
-1.352643 -1.555506 -1.400589
-1.336909 -1.527785 -1.375288
-1.326084 -1.498073 -1.352157
-1.299482 -1.469001 -1.320164
-1.281959 -1.450717 -1.300529
-1.265152 -1.424472 -1.274735
-1.243157 -1.403640 -1.253672
-1.228127 -1.382533 -1.230680
-1.211711 -1.346084 -1.214794
-1.193830 -1.322660 -1.189002
-1.180042 -1.311455 -1.189767
-1.165332 -1.285162 -1.166070
-1.149241 -1.270517 -1.146695
-1.126847 -1.251938 -1.131437
-1.113330 -1.223262 -1.116933
-1.097629 -1.197895 -1.092258
-1.082469 -1.178183 -1.076963
-1.059156 -1.157363 -1.062969
-1.042755 -1.130706 -1.057258
-1.016881 -1.117823 -1.042807
-0.995374 -1.104240 -1.025007
-0.963201 -1.097227 -1.022115
-0.950280 -1.095951 -1.005486
-0.943388 -1.096328 -0.991722
-0.923935 -1.078181 -0.980098
-0.910872 -1.063998 -0.970972
-0.900783 -1.048246 -0.957326
-0.893950 -1.033559 -0.939541
-0.897210 -1.013502 -0.926542
-0.882519 -0.990894 -0.898631
-0.880678 -0.973228 -0.888802
-0.859084 -0.952691 -0.873815
-0.849816 -0.932390 -0.851457
-0.856710 -0.914618 -0.837306
-0.845908 -0.896444 -0.821656
-0.830837 -0.875967 -0.803361
-0.810943 -0.859508 -0.785237
-0.794874 -0.838595 -0.769590
-0.774833 -0.818848 -0.762280
-0.751892 -0.800818 -0.741837
-0.729944 -0.778264 -0.723935
-0.713524 -0.759056 -0.716161
-0.685267 -0.739068 -0.694768
-0.669974 -0.721728 -0.683477
-0.653795 -0.702793 -0.667718
-0.635562 -0.683570 -0.650122
-0.609707 -0.666566 -0.636156
-0.593600 -0.647032 -0.624850
-0.577891 -0.630539 -0.608136
-0.557447 -0.608497 -0.591719
-0.538130 -0.592894 -0.577314
-0.523295 -0.574268 -0.558382
-0.502363 -0.562080 -0.533278
-0.484762 -0.551629 -0.519210
-0.473874 -0.527610 -0.507917
-0.462664 -0.511669 -0.491910
-0.451134 -0.492303 -0.476665
-0.439911 -0.471421 -0.453330
-0.425967 -0.449080 -0.433705
-0.412553 -0.432064 -0.421104
-0.398578 -0.415251 -0.404407
-0.385367 -0.396236 -0.385167
-0.365481 -0.376658 -0.359064
-0.354425 -0.360843 -0.338199
-0.342432 -0.345825 -0.324785
-0.325621 -0.327775 -0.310520
-0.313089 -0.309224 -0.292711
-0.290594 -0.290466 -0.276283
-0.277488 -0.277603 -0.254487
-0.255735 -0.259904 -0.241735
-0.240931 -0.247677 -0.221433
-0.231731 -0.230777 -0.209531
-0.209347 -0.212724 -0.187077
-0.197374 -0.196865 -0.171881
-0.179504 -0.180887 -0.159179
-0.165723 -0.169222 -0.141585
-0.150399 -0.156076 -0.130919
-0.140889 -0.142161 -0.116733
-0.122555 -0.126451 -0.105071
-0.109153 -0.114444 -0.087536
-0.098378 -0.095846 -0.076429
-0.077330 -0.082862 -0.067367
-0.067738 -0.070096 -0.054243
-0.051843 -0.055125 -0.045900
-0.043675 -0.042973 -0.035893
-0.027157 -0.028531 -0.023662
-0.018811 -0.018755 -0.010713
0.000000 0.000000 0.000000
0.009768 0.013911 0.013028
0.025674 0.027891 0.027483
0.032001 0.037967 0.034631
0.047666 0.051656 0.047239
0.059728 0.063739 0.061988
0.072799 0.077657 0.077662
0.085979 0.087913 0.088743
0.099255 0.101266 0.103041
0.110078 0.112165 0.115673
0.119701 0.120567 0.130028
0.130587 0.136363 0.139752
0.140936 0.151256 0.153389
0.155081 0.166617 0.169633
0.164787 0.180184 0.184248
0.174400 0.195619 0.204109
0.190398 0.211400 0.218777
0.200723 0.229809 0.233188
0.212086 0.244873 0.248920
0.227110 0.258927 0.263893
0.239950 0.272993 0.283723
0.247907 0.289374 0.296809
0.264989 0.302958 0.314342
0.279808 0.317222 0.328066
0.294167 0.330251 0.343495
0.314265 0.349267 0.352988
0.329332 0.362812 0.370269
0.344985 0.380473 0.385016
0.364622 0.391996 0.401603
0.381807 0.407687 0.412282
0.399031 0.423093 0.422339
0.414105 0.435652 0.444735
0.430576 0.452717 0.457902
0.448592 0.468705 0.472337
0.467202 0.484677 0.487184
0.478783 0.500629 0.502639
0.495209 0.511981 0.516269
0.508110 0.528577 0.531626
0.520316 0.544810 0.544841
0.532468 0.559012 0.561137
0.547404 0.577920 0.580150
0.562275 0.593340 0.593442
0.575233 0.611643 0.611072
0.589607 0.630053 0.622617
0.602926 0.647920 0.640580
0.622603 0.668830 0.662280
0.638303 0.688467 0.673789
0.654970 0.711578 0.684758
0.673642 0.735087 0.707523
0.696738 0.745000 0.721944
0.716964 0.751969 0.735479
0.736428 0.760013 0.748832
0.750901 0.766492 0.764122
0.765184 0.771429 0.781268
0.780339 0.784993 0.795567
0.786430 0.794528 0.808479
0.799112 0.808651 0.816670
0.816572 0.822671 0.839740
0.825505 0.837137 0.851377
0.842312 0.854048 0.867034
0.854038 0.870413 0.885513
0.866099 0.883948 0.899643
0.881567 0.898368 0.911070
0.899376 0.912247 0.926930
0.911071 0.928012 0.940879
0.925927 0.943028 0.961831
0.937173 0.961404 0.974485
0.953729 0.979465 0.992996
0.962699 0.997628 1.003116
0.979924 1.014965 1.019650
0.996886 1.034837 1.035981
1.017648 1.049412 1.051421
1.029572 1.070469 1.065435
1.051933 1.092782 1.080667
1.069748 1.112813 1.096252
1.093121 1.128810 1.106380
1.110594 1.141450 1.116631
1.124419 1.162917 1.131441
1.141899 1.174580 1.147360
1.153741 1.189207 1.164906
1.157551 1.199853 1.173384
1.178198 1.209816 1.190398
1.191163 1.221649 1.201982
1.204873 1.234239 1.215838
1.219810 1.243900 1.225525
1.241272 1.257546 1.239189
1.255529 1.278798 1.252388
1.272248 1.294325 1.271768
1.281783 1.311105 1.283587
1.306381 1.327832 1.290579
1.319173 1.342490 1.299466
1.337012 1.358745 1.302178
1.352683 1.378039 1.324388
1.368154 1.395633 1.342487
1.382854 1.414043 1.349215
1.409095 1.426800 1.357619
1.426475 1.443652 1.368471
1.431784 1.457735 1.376457
1.443354 1.472914 1.403052
1.455414 1.488001 1.417946
1.465987 1.503601 1.426691
1.488276 1.513199 1.445222
1.500984 1.530136 1.456932
1.517828 1.546198 1.468506
1.536478 1.560908 1.497617
1.549429 1.574171 1.511829
1.566082 1.585328 1.520399
1.583234 1.607291 1.543942
1.594026 1.621413 1.563826
1.611195 1.628585 1.579541
1.631371 1.646438 1.602644
1.652076 1.663470 1.613286
1.673105 1.682807 1.639984
1.687799 1.702434 1.665582
1.714770 1.730017 1.680537
1.724105 1.738320 1.718596
1.749949 1.765130 1.748105
1.768575 1.790305 1.741214
1.789322 1.805945 1.799258
1.820859 1.828731 1.788134
1.853300 1.866057 1.866836
1.893892 1.912148 1.859620
1.950530 1.970335 1.953708
2.049132 2.036819 2.067330
2.167706 2.138781 2.073541
2.228224 2.289924 2.290096
2.228224 2.289924 2.290096
2.228224 2.289924 2.290096